# Task,   Job,     Period,   Response, DL Miss?,   Lateness,  Tardiness, Forced?,       ACET,  Preemptions,   Migrations
# task NAME=rt_launch PID=7627 COST=10000000 PERIOD=10000000 CPU=0
  7627,     2,   10000000,      91744,        0,   -9908256,          0,       0,       4835,            0,            0
  7627,     3,   10000000,   48765923,        1,   38765923,   38765923,       0,    7778940,            8,            2
  7627,     4,   10000000,  149654641,        1,  139654641,  139654641,       1,   10778195,            0,            0
  7627,     5,   10000000,  213674470,        1,  203674470,  203674470,       1,   11503894,            0,            0
  7627,     6,   10000000,  286746969,        1,  276746969,  276746969,       1,   61454535,            0,            0
  7627,     7,   10000000,  323785059,        1,  313785059,  313785059,       1,   10986431,            0,            0
  7627,     8,   10000000,  377231480,        1,  367231480,  367231480,       1,   52674749,            0,            0
  7627,     9,   10000000,  467748650,        1,  457748650,  457748650,       1,   79369716,            0,            0
